4
linear   essential      -0.250000   0.750000
linear   non-essential   0.000000   1.000000
linear   essential       0.000000   1.000000
linear   essential       0.000000   1.000000

I 3
significant   elliptical    99
	  0.499014  0.255836  0.330650  0.094736
	  0.000400  0.000400  0.000400  0.000400
significant   elliptical    86
	  0.417560  0.232199  0.297102  0.090389
	  0.000400  0.000400  0.000400  0.000400
significant   elliptical    88
	  0.358887  0.202930  0.253285  0.082164
	  0.000400  0.000400  0.000400  0.000400

N 2
significant   elliptical   122
	  0.440029  0.538560  0.272029  0.284516
	  0.000400  0.000400  0.000400  0.000400
significant   elliptical   121
	  0.251420  0.276272  0.163579  0.159188
	  0.000400  0.000400  0.000400  0.000400

P 1
significant   elliptical   146
	  0.381127  0.286119  0.210055  0.133936
	  0.001269  0.000400  0.000400  0.000400

O 2
significant   elliptical    12
	  0.477214  0.367904  0.218099  0.214193
	  0.002280  0.000400  0.000400  0.000400
significant   elliptical   239
	  0.335055  0.359772  0.214239  0.209973
	  0.000400  0.000400  0.000400  0.000400

L 2
significant   elliptical   139
	  0.244211  0.220060  0.208633  0.123398
	  0.000400  0.000400  0.000400  0.000400
significant   elliptical     6
	  0.367188  0.218099  0.213542  0.121094
	  0.001678  0.000400  0.000400  0.000400

U 2
significant   elliptical   165
	  0.456653  0.328859  0.212382  0.175900
	  0.000400  0.000400  0.000400  0.000400
significant   elliptical    78
	  0.376152  0.252734  0.187099  0.142578
	  0.000400  0.000400  0.000400  0.000400

i 1
significant   elliptical   297
	  0.319800  0.150809  0.234243  0.047967
	  0.001852  0.000400  0.000400  0.000400

A 3
significant   elliptical   137
	  0.286240  0.308183  0.217125  0.142450
	  0.000400  0.000400  0.000400  0.000400
significant   elliptical    72
	  0.355415  0.396262  0.269043  0.218804
	  0.000400  0.000400  0.000400  0.000400
significant   elliptical    73
	  0.395869  0.473759  0.261344  0.248234
	  0.000400  0.000400  0.000400  0.000400

T 2
significant   elliptical   179
	  0.603505  0.427857  0.323608  0.249695
	  0.000400  0.000400  0.000400  0.000400
significant   elliptical    81
	  0.425974  0.301852  0.247830  0.167776
	  0.000400  0.000400  0.000400  0.000400

a 1
significant   elliptical   300
	  0.232669  0.217846  0.150378  0.106758
	  0.001520  0.000400  0.000400  0.000400

M 3
significant   elliptical     5
	  0.517969  0.708047  0.271875  0.317969
	  0.000400  0.000400  0.000400  0.000400
significant   elliptical   117
	  0.425047  0.690408  0.265558  0.313168
	  0.000400  0.001470  0.000400  0.000400
significant   elliptical   109
	  0.323251  0.540242  0.217245  0.253154
	  0.000400  0.000400  0.000400  0.000400

, 3
significant   elliptical    33
	  0.226207  0.112654  0.133286  0.078717
	  0.000400  0.000400  0.000400  0.000400
significant   elliptical   199
	  0.142922  0.085419  0.092337  0.059811
	  0.000400  0.000400  0.000400  0.000400
significant   elliptical     8
	  0.343262  0.088672  0.098633  0.062988
	  0.000673  0.000400  0.000400  0.000400

B 1
significant   elliptical    91
	  0.342248  0.378125  0.228280  0.144102
	  0.000400  0.000400  0.000400  0.000400

m 2
significant   elliptical   232
	  0.227337  0.391667  0.159247  0.223700
	  0.000400  0.000400  0.000400  0.000400
significant   elliptical     7
	  0.402344  0.390067  0.159598  0.222098
	  0.001302  0.000400  0.000400  0.000400

E 4
significant   elliptical    68
	  0.440545  0.540602  0.299862  0.218176
	  0.000400  0.000400  0.000400  0.000400
significant   elliptical    12
	  0.537435  0.379590  0.241211  0.160482
	  0.001635  0.000400  0.000400  0.000400
significant   elliptical   125
	  0.353656  0.376134  0.241938  0.157813
	  0.000400  0.000400  0.000400  0.000400
significant   elliptical    67
	  0.273788  0.303317  0.190881  0.128731
	  0.000400  0.000400  0.000400  0.000400

. 1
significant   elliptical   162
	  0.102672  0.059339  0.063489  0.058666
	  0.001376  0.000400  0.000400  0.000400

l 1
significant   elliptical   147
	  0.369048  0.183479  0.249655  0.054183
	  0.001340  0.000400  0.000400  0.000400

R 2
significant   elliptical   254
	  0.342043  0.359950  0.229700  0.142901
	  0.000501  0.000400  0.000400  0.000400
significant   elliptical     9
	  0.547309  0.368056  0.237847  0.146268
	  0.001837  0.000400  0.000400  0.000400

C 3
significant   elliptical    11
	  0.513139  0.349716  0.256747  0.218750
	  0.001606  0.000400  0.000400  0.000400
significant   elliptical    71
	  0.465449  0.469234  0.330986  0.279269
	  0.000400  0.000400  0.000400  0.000400
significant   elliptical   131
	  0.370855  0.349800  0.256441  0.218750
	  0.000400  0.000400  0.000400  0.000400

S 1
significant   elliptical   263
	  0.343037  0.285501  0.224067  0.120931
	  0.001535  0.000400  0.000400  0.000400

e 1
significant   elliptical   291
	  0.266337  0.208837  0.150706  0.103751
	  0.001880  0.000400  0.000400  0.000400

r 1
significant   elliptical   269
	  0.259773  0.149724  0.164310  0.080318
	  0.001451  0.000400  0.000400  0.000400

u 2
significant   elliptical    13
	  0.376803  0.252794  0.161659  0.140625
	  0.001726  0.000400  0.000400  0.000400
significant   elliptical   250
	  0.241625  0.249622  0.159484  0.139125
	  0.000400  0.000400  0.000400  0.000400

G 3
significant   elliptical    37
	  0.451541  0.520344  0.283467  0.262247
	  0.000400  0.000548  0.000400  0.000400
significant   elliptical    67
	  0.346490  0.373589  0.228311  0.196304
	  0.000400  0.000400  0.000400  0.000400
significant   elliptical     2
	  0.560547  0.359765  0.216797  0.195313
	  0.000400  0.000400  0.000400  0.000400

t 1
significant   elliptical   273
	  0.273552  0.156379  0.171231  0.079999
	  0.001851  0.000400  0.000400  0.000400

o 1
significant   elliptical   254
	  0.239450  0.242481  0.147915  0.142947
	  0.000671  0.000400  0.000400  0.000400

c 1
significant   elliptical   213
	  0.265148  0.196501  0.167712  0.114675
	  0.001816  0.000475  0.000400  0.000400

ſ 1
significant   elliptical    40
	  0.383496  0.202617  0.239453  0.104004
	  0.002729  0.000400  0.000400  0.000400

q 1
significant   elliptical    91
	  0.447802  0.312577  0.228280  0.139595
	  0.002416  0.000400  0.000400  0.000400

v 1
significant   elliptical    82
	  0.306974  0.203182  0.144531  0.113186
	  0.000400  0.000400  0.000400  0.000400

n 1
significant   elliptical   267
	  0.235823  0.251358  0.157230  0.140215
	  0.001740  0.000400  0.000400  0.000400

D 1
significant   elliptical   177
	  0.382129  0.404957  0.247241  0.220781
	  0.001867  0.000400  0.000400  0.000400

g 1
significant   elliptical   105
	  0.377642  0.406752  0.230543  0.134636
	  0.000907  0.000400  0.000400  0.000400

x 2
significant   elliptical     2
	  0.396484  0.185156  0.152344  0.109375
	  0.001289  0.000400  0.000400  0.000400
significant   elliptical    56
	  0.229074  0.182603  0.151368  0.108398
	  0.000400  0.000400  0.000400  0.000400

s 1
significant   elliptical   275
	  0.235270  0.191112  0.149276  0.087159
	  0.002062  0.000400  0.000400  0.000400

p 2
significant   elliptical     5
	  0.560156  0.295859  0.226562  0.138281
	  0.001851  0.000400  0.000400  0.000400
significant   elliptical   141
	  0.414506  0.290445  0.218861  0.132923
	  0.000400  0.000400  0.000400  0.000400

h 1
significant   elliptical    86
	  0.326853  0.315961  0.230832  0.138400
	  0.001055  0.000400  0.000400  0.000400

j 1
significant   elliptical    40
	  0.435059  0.192988  0.283203  0.054883
	  0.000400  0.000400  0.000400  0.000400

d 2
significant   elliptical     7
	  0.498326  0.301562  0.220424  0.136719
	  0.001662  0.000400  0.000400  0.000400
significant   elliptical   170
	  0.320359  0.296965  0.221048  0.137615
	  0.000400  0.000400  0.000400  0.000400

b 1
significant   elliptical    94
	  0.326089  0.308606  0.219498  0.140750
	  0.001254  0.000400  0.000400  0.000400

; 1
significant   elliptical    80
	  0.249316  0.138603  0.151123  0.058545
	  0.001704  0.000400  0.000400  0.000400

& 1
significant   elliptical    40
	  0.353613  0.455098  0.216211  0.207813
	  0.002800  0.000400  0.000400  0.000400

: 1
significant   elliptical    42
	  0.223400  0.094187  0.128999  0.044271
	  0.002596  0.000400  0.000400  0.000400
