4
linear   essential      -0.250000   0.750000
linear   non-essential   0.000000   1.000000
linear   essential       0.000000   1.000000
linear   essential       0.000000   1.000000

I 4
significant   elliptical    88
	  0.464000  0.237012  0.306774  0.088024
	  0.002070  0.000470  0.000904  0.000400
significant   elliptical   101
	  0.346225  0.180125  0.232016  0.069732
	  0.000400  0.000400  0.000400  0.000400
significant   elliptical    24
	  0.275065  0.172022  0.204590  0.069987
	  0.000400  0.000400  0.000400  0.000400
significant   elliptical    53
	  0.226415  0.147826  0.167748  0.091392
	  0.000400  0.000400  0.000400  0.000400

N 4
significant   elliptical   115
	  0.250374  0.274905  0.162806  0.158288
	  0.000400  0.000400  0.000400  0.000400
significant   elliptical     7
	  0.590402  0.534542  0.270648  0.282924
	  0.003115  0.000400  0.000400  0.000400
significant   elliptical   115
	  0.436515  0.535618  0.270517  0.283220
	  0.000400  0.000400  0.000400  0.000400
significant   elliptical    11
	  0.416548  0.276562  0.163708  0.159446
	  0.002589  0.000400  0.000400  0.000400

P 1
significant   elliptical   144
	  0.386312  0.283754  0.208035  0.132785
	  0.002811  0.000400  0.000400  0.000400

O 4
significant   elliptical     6
	  0.610026  0.371940  0.222656  0.217448
	  0.002108  0.000452  0.000400  0.000400
significant   elliptical    55
	  0.272372  0.233438  0.163069  0.154972
	  0.000400  0.000400  0.000400  0.000400
significant   elliptical   172
	  0.332508  0.357797  0.213209  0.208848
	  0.000400  0.000400  0.000400  0.000400
significant   elliptical     8
	  0.451660  0.349463  0.209961  0.205078
	  0.000911  0.000400  0.000400  0.000400

L 1
significant   elliptical   144
	  0.249892  0.216924  0.201986  0.128418
	  0.001216  0.000400  0.000400  0.000400

U 1
significant   elliptical   248
	  0.436665  0.301485  0.202164  0.163968
	  0.003137  0.001353  0.000400  0.000400

i 2
significant   elliptical   282
	  0.322917  0.154012  0.235733  0.051308
	  0.000987  0.000400  0.000400  0.000400
significant   elliptical    12
	  0.543620  0.139616  0.208659  0.049154
	  0.001129  0.000400  0.001710  0.000400

A 4
significant   elliptical    70
	  0.352567  0.392204  0.266797  0.217243
	  0.000400  0.000400  0.000400  0.000400
significant   elliptical    70
	  0.391909  0.468878  0.258817  0.244531
	  0.000400  0.000400  0.000400  0.000400
significant   elliptical    12
	  0.449544  0.306738  0.215495  0.141927
	  0.002970  0.000400  0.000400  0.000400
significant   elliptical   126
	  0.282490  0.305531  0.215650  0.141400
	  0.000400  0.000400  0.000400  0.000400

T 3
significant   elliptical   173
	  0.598018  0.424140  0.320313  0.248352
	  0.000427  0.000400  0.000400  0.000400
significant   elliptical     6
	  0.610677  0.298958  0.244141  0.167318
	  0.001219  0.000400  0.000400  0.000400
significant   elliptical    79
	  0.421826  0.299604  0.244610  0.167277
	  0.000400  0.000400  0.000400  0.000400

a 1
significant   elliptical   300
	  0.244766  0.217721  0.153373  0.109544
	  0.003030  0.000400  0.000400  0.000400

M 3
significant   elliptical   108
	  0.321217  0.537345  0.215820  0.251953
	  0.000400  0.000400  0.000400  0.000400
significant   elliptical   109
	  0.421158  0.696520  0.266843  0.315690
	  0.000400  0.000400  0.000400  0.000400
significant   elliptical     6
	  0.451823  0.532487  0.214193  0.249349
	  0.000694  0.000400  0.000400  0.000400

, 1
significant   elliptical   238
	  0.164194  0.084885  0.095260  0.061138
	  0.004342  0.000400  0.000400  0.000400

B 2
significant   elliptical    91
	  0.344437  0.373575  0.225017  0.141999
	  0.000851  0.000400  0.000400  0.000400
significant   elliptical     2
	  0.601563  0.378711  0.230469  0.144531
	  0.001495  0.000400  0.000400  0.000400

m 2
significant   elliptical   237
	  0.238677  0.387933  0.157684  0.223167
	  0.001386  0.000400  0.000400  0.000400
significant   elliptical     6
	  0.511068  0.398698  0.161459  0.229167
	  0.003060  0.000400  0.000400  0.000400

E 3
significant   elliptical    54
	  0.434245  0.535142  0.296803  0.215784
	  0.000400  0.000400  0.000400  0.000400
significant   elliptical   108
	  0.350514  0.365231  0.235822  0.154442
	  0.000400  0.000932  0.000400  0.000400
significant   elliptical    98
	  0.253787  0.269671  0.179010  0.125678
	  0.000400  0.001030  0.000400  0.000400

. 1
significant   elliptical   161
	  0.104013  0.059263  0.063471  0.058448
	  0.001743  0.000400  0.000400  0.000400

l 1
significant   elliptical   147
	  0.372050  0.181957  0.245323  0.053811
	  0.003276  0.000400  0.000400  0.000400

R 4
significant   elliptical    14
	  0.545480  0.351841  0.227958  0.142020
	  0.005473  0.001436  0.000400  0.000400
significant   elliptical    34
	  0.412454  0.510983  0.291705  0.242877
	  0.000800  0.000400  0.000400  0.000400
significant   elliptical    34
	  0.228401  0.237695  0.173713  0.125689
	  0.000400  0.001491  0.000400  0.000400
significant   elliptical   177
	  0.335739  0.358773  0.229299  0.142655
	  0.000400  0.000400  0.000400  0.000400

C 4
significant   elliptical     5
	  0.603125  0.352656  0.260938  0.219531
	  0.001614  0.000400  0.000400  0.000400
significant   elliptical     8
	  0.488281  0.341260  0.252930  0.213379
	  0.000924  0.000400  0.000400  0.000400
significant   elliptical    67
	  0.463036  0.467164  0.329408  0.278218
	  0.000400  0.000400  0.000400  0.000400
significant   elliptical   129
	  0.367430  0.347138  0.254270  0.216449
	  0.000400  0.000400  0.000400  0.000400

S 3
significant   elliptical   128
	  0.364777  0.301663  0.238434  0.130371
	  0.000400  0.000400  0.000400  0.000400
significant   elliptical   122
	  0.300493  0.251710  0.198579  0.112001
	  0.000400  0.000400  0.000400  0.000400
significant   elliptical     9
	  0.492622  0.298481  0.233941  0.126302
	  0.000582  0.000400  0.000400  0.000400

e 1
significant   elliptical   288
	  0.263035  0.202201  0.152086  0.109158
	  0.002031  0.000400  0.000400  0.000400

r 2
significant   elliptical     9
	  0.453993  0.155382  0.167101  0.082899
	  0.004932  0.000400  0.000400  0.000400
significant   elliptical   257
	  0.248359  0.166601  0.165142  0.092048
	  0.000400  0.000695  0.000400  0.000400

u 1
significant   elliptical   262
	  0.247615  0.246380  0.156966  0.138776
	  0.002273  0.000400  0.000400  0.000400

G 3
significant   elliptical     8
	  0.493652  0.371680  0.227539  0.194825
	  0.001665  0.000400  0.000400  0.000400
significant   elliptical    35
	  0.448438  0.521060  0.284487  0.261719
	  0.000400  0.000400  0.000400  0.000400
significant   elliptical    61
	  0.342277  0.369045  0.226755  0.193520
	  0.000400  0.000400  0.000400  0.000400

t 1
significant   elliptical   268
	  0.273277  0.154501  0.168187  0.081667
	  0.002816  0.000400  0.000400  0.000400

o 1
significant   elliptical   256
	  0.247727  0.243599  0.149018  0.145660
	  0.002344  0.000400  0.000400  0.000400

c 1
significant   elliptical   210
	  0.260045  0.195091  0.162054  0.116574
	  0.002211  0.000529  0.000400  0.000400

ſ 2
significant   elliptical    39
	  0.320212  0.312851  0.226162  0.128806
	  0.000400  0.001169  0.000400  0.000400
significant   elliptical     1
	  0.554688  0.220703  0.207031  0.097656
	  0.000400  0.000400  0.000400  0.000400

q 1
significant   elliptical    90
	  0.444705  0.319839  0.234766  0.139019
	  0.002037  0.000549  0.000631  0.000400

v 1
significant   elliptical    82
	  0.314405  0.202272  0.143721  0.112710
	  0.002216  0.000400  0.000400  0.000400

n 1
significant   elliptical   262
	  0.231244  0.249838  0.155370  0.140774
	  0.002101  0.000400  0.000400  0.000400

D 2
significant   elliptical   173
	  0.372178  0.401233  0.242617  0.214776
	  0.001169  0.000400  0.000400  0.000400
significant   elliptical     4
	  0.654297  0.409277  0.246094  0.217773
	  0.001572  0.000473  0.000400  0.000400

g 1
significant   elliptical   106
	  0.394753  0.423718  0.231795  0.135761
	  0.005529  0.001114  0.000400  0.000400

x 2
significant   elliptical    57
	  0.231634  0.183491  0.161321  0.115817
	  0.001102  0.000400  0.000400  0.000400
significant   elliptical     1
	  0.457031  0.189063  0.175781  0.125000
	  0.000400  0.000400  0.000400  0.000400

s 1
significant   elliptical   270
	  0.232190  0.189718  0.147960  0.087949
	  0.001541  0.000400  0.000400  0.000400

p 2
significant   elliptical   143
	  0.426273  0.295088  0.217876  0.135653
	  0.001882  0.000400  0.000400  0.000400
significant   elliptical     3
	  0.709635  0.300130  0.229167  0.138021
	  0.002141  0.000400  0.000400  0.000400

h 1
significant   elliptical    86
	  0.332940  0.312795  0.228652  0.136855
	  0.003148  0.000400  0.000400  0.000400

j 1
significant   elliptical    40
	  0.431738  0.189629  0.277246  0.054688
	  0.001161  0.000400  0.000400  0.000400

d 1
significant   elliptical   175
	  0.329085  0.298330  0.219732  0.136831
	  0.001296  0.000400  0.000400  0.000400

b 1
significant   elliptical    94
	  0.334317  0.306416  0.217503  0.139378
	  0.002391  0.000400  0.000400  0.000400

; 2
significant   elliptical    76
	  0.238692  0.137741  0.149774  0.057926
	  0.000400  0.000400  0.000400  0.000400
significant   elliptical     3
	  0.414063  0.135417  0.147135  0.055990
	  0.000412  0.000400  0.000400  0.000400

& 1
significant   elliptical    40
	  0.339258  0.452344  0.214453  0.206153
	  0.001481  0.000400  0.000400  0.000400

: 1
significant   elliptical    42
	  0.246745  0.112565  0.140160  0.055990
	  0.004711  0.000400  0.000400  0.000400
